For n = 3:
Average: 1.179
Maximum: 2
Minimum: 0

Maximum Sequence: 882211800 -179941374 -1195012163

Minimum Sequence: -1978313634 -395506857 97465002


For n = 5:
Average: 7.838
Maximum: 11
Minimum: 0

Maximum Sequence: 1253517130 -1293514957 389824841 -627260599 -1556165084

Minimum Sequence: -1329525395 -134017807 356117290 630653774 1031958792


For n = 50:
Average: 247.861
Maximum: 285
Minimum: 209

Maximum Sequence: 1930809007 -940956821 -411455588 -1582281737 1532453645 1579011134 -574104002 -1448038457 -1088009775 1731702310 -772082156 -1324458010 -816549136 -1607901611 1263719396 -741909786 -1953886911 -1222950759 -899842968 1927560662 -181238334 981600634 376279832 1888565336 -239738256 -1517747916 -902231298 -420956702 1296019696 531738925 1534261933 -211918499 -1377718705 1600186759 101086574 -1798485740 -1147995040 798753078 1212312100 -1423218418 2002633692 1808420930 1120728157 -611969831 -756912536 -669216729 327340044 160762274 831001287 -1828125711

Minimum Sequence: 1456688974 -1672148946 -2053937201 -904631240 -1886452013 551917271 -1860935498 382572544 -274934357 1760733300 -974585422 -1616188887 1138038976 -1375391371 -1642334364 -1639711449 -66991464 -845568919 -165696086 -248282282 1926881320 2015625038 992849045 -164921811 1354485827 -874042028 -624020979 395535789 -849111701 -12019012 -1039800358 568743397 -1274948851 1748945243 1596174784 -2145902975 1809711788 -396930283 654076544 -1560270481 -241260758 1591577646 -1041309667 1728335429 -2057984584 1338605592 615569350 1669943386 -1333630649 1580719443


For n = 100:
Average: 596.162
Maximum: 684
Minimum: 507

Maximum Sequence: -623954919 -267398251 -1641091522 -136043568 780703939 -982476299 2110029728 1459513494 -524599124 1511634583 -999294135 -1663556476 -893745023 486431949 -990942326 -25858088 902074337 -1643259692 -866554294 128636358 1558498128 1176200949 357923495 754929536 -1445702521 1865909358 1102133967 -354100389 1318589511 -1811896311 1676615624 1454081805 -1086642767 -182478515 -1716145119 864417753 2131244531 -47925128 -359523723 1547025 2023113536 -1833312459 917853460 1287711012 -1615158096 523808170 -1985560742 749496403 -990494240 -1364982696 -1928849678 -1297379828 1440292747 -2053325826 2056014748 1063428191 -144025096 -1381818695 -275641423 -744164422 1720635398 1844241750 -171735059 -897369030 170130690 1503686037 -1618937399 1807699114 670753416 -1126166055 1572124962 1267435567 -897043488 1952563784 456999516 715689375 275790050 -141573001 138922565 -269930617 1630316816 -31659877 -1169287888 -1754753617 -1835971470 -1764829092 1394069343 1172026966 -1396727869 -1571169269 -2039268504 -1030009099 1475853545 -1768409497 -443283797 31098548 659618067 -525358514 1162747053 1563444908

Minimum Sequence: 1023213636 923010858 -1780670492 599445769 -2101070682 605159475 1365165521 -1687207124 -1911116056 -793323417 -393523184 -647421884 819101960 1488657431 1041604856 -1611665631 1809511480 -844996101 2037383270 1916023176 -437681508 430004284 2030774449 1437096563 -1716007027 -1683490890 821264789 629010527 457263156 -1240814190 -1864838890 -1986262678 197755730 1040896174 977169775 520436656 1079696968 -2016833811 -1878102129 1116513288 811918763 -1687203480 -2014047924 211199317 -778394081 -223449998 1971393404 -389184127 -2065103549 -309527436 -770136478 2100782853 -714470131 -1782409132 -1486820707 237636787 1931140604 -94903415 -73570973 -2113118208 -1605998385 -1048938867 52422182 -552351070 -1532195816 1049440576 -877620278 425936138 -283743365 1831064089 1854842329 -2146112823 1923762933 1301004148 -1363380044 -1959510683 637750816 -1045404930 570570872 1321401330 3553279 1205243482 1177702257 -2072708478 -309599503 -1374670922 -88664657 -1619255483 -1913565989 929521228 963196502 -1573794660 -927118040 -1635102528 944965913 1255242315 -2103362130 550964267 870724872 -389850367


For n = 500:
Average: 4508.354
Maximum: 4955
Minimum: 4111

Maximum Sequence: -1304383211 540961598 409468364 -1233304331 -1800536818 -342392716 -159221103 1294341582 -1694675854 1716590150 -879971461 -847752208 2084115858 -1635153720 -802177262 1676965819 -978394980 -619370586 1321326883 -1484905737 1400158467 2146131651 -943253821 1154805531 549553455 1545181087 -315850142 -1261843053 932856693 54105999 -1156462526 -1031929432 -94658608 2026148158 1266618928 -1821367718 808665043 156019567 -1509754265 45501604 419347424 1181115944 -204151242 637412571 -2082708482 697054058 1008224073 1772517456 -723165951 1451856011 -662278092 -52188494 -1258864266 263569024 1561933989 -1053860114 -130888711 1448128739 -219875889 1316259072 -1289669668 -962516544 -684612876 55430812 -1198576915 240692140 1465509360 358661778 -2024830815 480103277 -1301665084 -1913128204 1719353390 -1058871494 -608199780 836858008 2126322028 -1855881822 -1619758118 949532354 -1731132481 1324737531 -662661637 -1640971956 -1111903393 -291803424 -912908549 165559027 870367292 886380210 879402616 2042095888 895213128 -895428482 684075259 -1725719095 -2042839210 -1031322566 1273116996 -753634552 769256469 289117090 -938930533 1681816345 355769415 -1902015594 -141510609 817000243 110152852 1555657017 -233593347 -32894012 -1644890788 -347602734 1556317821 348399523 320979729 1938773637 -716458104 -219196203 1653576985 1538290667 -274526270 129189000 -1495944647 1803767413 -1795202250 -627134951 1293092543 490294789 -966967498 -1097724686 -1160509127 136606067 -674690851 -756383627 -223898005 -1005375773 1159735503 1072436844 -1703324566 -686124185 -1949037740 2142447319 752087026 -1382736074 -1896207026 -2107127306 -99004597 -88465773 -812618795 -700903526 -424383745 1366661129 518288526 -1150342072 158005227 545869838 308711602 1704380755 -372617814 -1535948650 610044953 -1769539960 -1912580656 -94286422 2130301393 722257445 500899050 -1602290095 679140115 -412708454 -1014858063 318741982 1189153935 -1356088171 -1176229386 -1911926512 1234775841 14198780 152991167 -1293479124 -1118720092 -1916192259 -96563341 1182670977 541778809 4697996 -494559610 1455851975 -191725117 -326862889 2013746608 665455963 558801727 -1101471109 810029585 -1999792632 2001406153 1242655818 292872678 2099874980 -1516654580 193248840 -867571871 2053370080 -1824349322 47344878 -1324675140 -920916301 -1701439634 -45834794 -1796111586 -348989482 -510652923 935977235 -1779840733 1574395349 -1452942946 782002077 553411263 1584463098 -971476441 1233310122 1239741776 -1642797532 -2136552739 955874831 1558014097 -1384461269 -247464147 1458746032 846681168 -2111305650 -1370262549 936008113 1749861879 -1834483925 -2049192147 -1788324966 -1815053555 -10755659 11643621 2009661137 -762442 -60063317 189923041 551390473 -1775280765 -1177699937 1985320423 -1541148901 872092813 -304803182 -964409962 -398261189 -953228667 430121978 605491890 1207767263 -188849692 607750961 -603058714 1865646558 43768144 -715261477 708417515 1524841015 -1806512310 211193487 70516574 -609097014 1866901363 -119014052 -2058024433 -2143874860 576997461 1530542499 588537370 -1211901686 -1003691859 615441250 1033326356 327832913 1561818452 -114841705 -446994829 -1378354072 -604975682 1916350944 133649354 1760953201 -2147113850 -213892667 360134651 401087871 265058366 833634302 1430988881 -524692758 -1570680958 -381359527 1843145040 -15245766 1758611819 525082038 2049108419 -347345579 -1506555444 1769871412 -445236837 198027163 779657912 90481138 1227894525 494642301 683902366 249333748 -2009432428 -1669620347 754421582 -705719573 29348541 377575002 -1986660954 -618870005 1270525216 -1378190877 995854738 307190101 -15649668 1306597409 -607817653 -1045838882 -113382764 -765861523 -400661028 -1588788635 166866465 -1794334124 -2065560095 1936097840 1219918786 1102513851 499747707 133971301 108235378 1797338682 752347018 -150273883 -33912631 234467259 -1303252690 -1963563618 -1517842895 -1502884431 -123961920 -1736314229 -2098953288 -1582678189 -1818176663 1576923499 242645893 -1165629479 -1310085749 -2055827456 1833853070 -569796756 737288757 614557815 1618697691 390045109 -1465886739 487474992 618438000 1599631318 -1174819961 -1647046155 -1544671508 1580766612 -25291823 -2078608705 926037049 1090918886 1234372032 1513014077 549540425 1886902220 1275097664 -1113508181 1433676010 -1207226322 1929783559 -1408054752 -1769898188 -1109770746 -1431908419 -2118138547 789413573 -1977775105 -304108810 1074813822 -1836880547 1247344365 1427445129 -1229720058 939584642 1366194609 -1660199131 14999893 -1276447990 1186331935 -386057323 729880123 -1594542215 194201379 -377025806 -1890623352 1803383403 -1155751914 -1135848756 1468563367 -2061271092 1870596121 144914548 -1212627923 357524413 -64801919 637987129 958099539 -759744932 1773892569 1681574613 1051786750 -1173972881 -346095148 -1364199649 867242195 -902355681 982293890 -1527335420 -7571767 1665818733 -1752230287 334376817 -1023867632 1013713416 1757660302 -1374710834 -1742578172 -985647522 2012352213 760537082 -127498082 -1813438242 -1697313352 -323256902 -1387416181 -1041583105 830200273 -699234305 777165766 163509884 -1226778599 -1508761365 -1472642939 442186770 -1061804885 857285399 300678585 -1276901827 43666179 1407606429 199609075 -1375785535 -1367770856 -1617868218 99738988 2021881151 1087889857 587497751 129466353 -780257007 480167702 993240150 -2135349769 -510704903 -2127594567 2003643231 1606777659 -2031529597 -890786118 491580780 1710502896 -1998855746 -882160507 2128799246 -1054915431 1413620616 666682117

Minimum Sequence: 214532233 -1797991883 88109298 1527987354 -416991724 579170264 -696532131 254938522 2088059488 1307090167 1139241750 1404865260 648821880 474961422 -587830271 -396948215 1603875818 11174520 1421889927 667814519 -407425093 -1349171173 -656858696 -737578290 484369066 -1166289788 1061678170 1411724052 833813929 -763974 1007883695 1815220213 1401916550 1770057740 -1811473735 1168877245 -982302207 -1732693133 491994563 -2138831437 1491831429 675478679 -164530484 -1145057971 824203798 -918151009 -1103501670 1918685410 -1396820587 -1273658780 -1397418501 1670397577 -38661932 -983530205 269271783 -2127690772 1904799271 -1948766272 959738493 -944971668 -1801180176 -517551627 1547613285 2067262735 372227573 996505389 1324432640 -1290624069 391118926 1358040968 20766928 -512916353 382800367 -442127052 -1640963421 1798245928 -702503377 1190295229 -1552249380 139536967 -1422819615 155637048 -2050032708 -773286545 1753396168 -453753041 -1355136254 877174856 1227691051 -1026614945 513439867 1376286295 -296471954 -805504909 -358766665 -1152520088 -892048007 -709527878 -1474293584 1587573681 1093390147 1091872642 1317384797 -1850609562 574893582 -1993280859 -569013949 -956483230 -986193019 -1261772918 -978778787 1818697168 -452260676 1365762377 -1218046653 -1231010643 171176931 1784857632 -2124064832 1771908381 570756800 1514499563 -2060199655 82574893 -209917309 -704257822 41213696 1878913715 -835241943 1139125495 1014207579 -1215499938 -876678379 513824679 1468204532 559512912 354600987 1209960800 1180160856 -1993153183 -1644231343 330730478 1977104504 -1018767656 -774543988 -528201323 1128754750 -74009213 1351861891 -651145787 -2092902355 1655805596 1901976561 -710962391 1518146982 2069241741 -987075003 -32731007 -32146426 1219974516 -2132356892 -910870105 1611333168 -1639881262 271438193 -421259318 -1153429813 1615243846 -1589067671 639891107 -1914091404 771568027 1512975357 2072105574 1630213918 473608436 2114460242 1159710629 -120050122 1028667998 -1062723804 1280774215 -276104734 2073189939 -554380870 -2090583305 -1080623860 933932083 -1238131928 -1899985322 -1111637497 1167570657 831511050 -828659794 -1181571093 995503426 -1789724131 902947442 920442087 -1677330669 1824616043 -1823464830 1948619453 -265740335 1538679581 1502676644 1283716456 1410884439 -272625695 -1894850692 -790137309 -1576969937 -1453075007 -1623748742 1948034152 -1808066385 -240597478 -859039212 1968768787 314018375 2064256840 1784412696 -1989814729 1422537123 1496565718 -983435549 -1190829836 359066541 1262300920 -903775444 1529358924 -1341942714 -496639633 162689075 -568989023 1836883548 -1252719350 -976375497 -1237315314 558580100 -1724197679 -2071900642 1076587485 21434923 353620814 -489258314 12143563 1423032082 532438107 -1430463097 -1692517767 -631391405 187532995 -1124386950 1020571628 520722325 -1533774005 -1306998300 1023869771 -59946028 1484971907 223282444 -1525941235 1815208554 -1663623923 -1661818591 -1443846128 -1084545407 -1438201689 -1623488967 1097446118 1387361068 -401032361 -783282223 42880895 720364538 -1189559310 932694944 273273808 -143023937 418747978 162259874 -814260675 1844807129 -900433998 -475547130 -172886026 931063668 1706358582 -1322431870 1999794187 421998631 -1559054314 -566617719 1110482454 887806966 1773020246 515997361 1879365783 -540032880 -402514195 1870340755 -503198776 509596014 -298185615 -1662551395 1632644129 2115981005 102331954 -104198421 1652379502 1918618583 -983030624 -1846877346 -554900388 -664883419 -2018129006 -200445853 -483831563 -1456159066 -1563825665 988470239 -1098991540 -1773604630 -1504413397 -157114219 -43801613 -1578008650 -1234001778 1659096479 236882175 -1191267706 224993636 961996576 -1252014163 1979490748 953636061 1556941396 -582116793 -876234501 -1062204662 483042680 -1709222431 425366345 1566593439 -772676791 -999014893 591322661 1018765078 -731157958 -598834332 816568431 -210427313 1163346641 1751942045 426343953 -1509067926 341734919 477239590 -1036476064 184593150 -201315281 -108674613 -257910202 -1467647738 885219863 1582322382 -1158115490 -171502701 -1531787380 1418940465 1623542752 -1168913655 -1419455502 2095978731 -58956952 1106801219 -313998678 -105189709 1316879388 -1631152494 -1576800609 -452014478 50588440 1094480063 1538850581 -1958900478 -1075312024 -1223188693 -635126222 -1416924366 -464948673 -1401852987 124075340 -1260497832 -802807280 -1341443813 -1088069865 397581702 -987419877 -1644261783 -882298054 1235569868 1535984800 1323229659 671317347 -1222831348 184252687 -1844731270 -1084687739 850603979 1302048666 -1833686184 -191965706 -687938159 -551940640 -697937466 1722230580 -194980299 -1108210597 -1852762890 -2060566704 -1555315282 -771608136 -2066184218 -2096903936 -542392422 1963753529 1042112683 -1963630664 2069528729 -1177331515 -1235354026 -354841814 -1380129168 287081239 905563589 -1410975157 959816662 884079655 -1214446711 -2119802008 475573595 2120981894 -1511489300 -1483025545 878944248 -962197921 1954053986 -1605584492 1129874817 -535342436 -412321119 2145992878 1788590144 1259571457 1678115497 410418769 654467811 -452882494 90242951 822578358 1553707747 -632093832 1940336150 1142999427 2102271861 -1995238688 106944766 1279128307 692991542 -1940944339 -774227656 1706217785 -1490706798 -1045764393 -463987581 -16014907 -517132306 -1048116830 1209235411 -818694301 1733192721 -1176613876 20679806 -204674954 -932079857 -1411765788 758860663 1259909291 1198102938 -1708824352 73883907 -1362557040 2026429548 -589465350 1496612779 -552918953 -1949310161 679084700


